
################################################################################
# Gelman-Rubin Diagnostic
################################################################################

Generally the Gelman diagnostic should be < 1.05


Out of 60 variables: 39 > 1.01

                      
19 > 1.05

                      
11 > 1.1


The worst variables are:

            Point est. Upper C.I.
p.fac1[1,9]   1.443053   2.506995
p.global[9]   1.443053   2.506995
p.fac1[1,4]   1.257566   1.799411
p.global[4]   1.257566   1.799411
p.fac1[1,7]   1.211246   1.607171
p.global[7]   1.211246   1.607171
p.fac1[2,7]   1.137910   1.404879
p.fac1[1,1]   1.118792   1.329530
p.global[1]   1.118792   1.329530
p.fac1[1,8]   1.109514   1.324941


And here are the Gelman diagnostics for all variables:

              Point est. Upper C.I.
deviance        1.045712   1.128996
ilr.fac1[1,1]        NaN        NaN
ilr.fac1[1,2]        NaN        NaN
ilr.fac1[1,3]        NaN        NaN
ilr.fac1[1,4]        NaN        NaN
ilr.fac1[1,5]        NaN        NaN
ilr.fac1[1,6]        NaN        NaN
ilr.fac1[1,7]        NaN        NaN
ilr.fac1[1,8]        NaN        NaN
ilr.fac1[2,1]   1.020364   1.072864
ilr.fac1[2,2]   1.021218   1.071383
ilr.fac1[2,3]   1.013724   1.046048
ilr.fac1[2,4]   1.001919   1.007552
ilr.fac1[2,5]   1.002028   1.008432
ilr.fac1[2,6]   1.050308   1.086564
ilr.fac1[2,7]   1.000603   1.003445
ilr.fac1[2,8]   1.000065   1.000756
loglik[1]       1.002939   1.009727
loglik[10]      1.007571   1.019366
loglik[11]      1.007259   1.012068
loglik[12]      1.005485   1.007284
loglik[13]      1.016613   1.051898
loglik[14]      1.037922   1.121241
loglik[2]       1.001802   1.007425
loglik[3]       1.030645   1.058507
loglik[4]       1.001095   1.003978
loglik[5]       1.006054   1.019427
loglik[6]       1.027408   1.093655
loglik[7]       1.033392   1.104579
loglik[8]       1.016632   1.058505
loglik[9]       1.008694   1.013481
p.fac1[1,1]     1.118792   1.329530
p.fac1[1,2]     1.090950   1.250793
p.fac1[1,3]     1.060207   1.070370
p.fac1[1,4]     1.257566   1.799411
p.fac1[1,5]     1.040460   1.069862
p.fac1[1,6]     1.029569   1.087801
p.fac1[1,7]     1.211246   1.607171
p.fac1[1,8]     1.109514   1.324941
p.fac1[1,9]     1.443053   2.506995
p.fac1[2,1]     1.090752   1.275162
p.fac1[2,2]     1.025045   1.058192
p.fac1[2,3]     1.016755   1.050114
p.fac1[2,4]     1.036112   1.101145
p.fac1[2,5]     1.011793   1.042478
p.fac1[2,6]     1.030096   1.097133
p.fac1[2,7]     1.137910   1.404879
p.fac1[2,8]     1.031641   1.086138
p.fac1[2,9]     1.091695   1.276330
p.global[1]     1.118792   1.329530
p.global[2]     1.090950   1.250793
p.global[3]     1.060207   1.070370
p.global[4]     1.257566   1.799411
p.global[5]     1.040460   1.069862
p.global[6]     1.029569   1.087801
p.global[7]     1.211246   1.607171
p.global[8]     1.109514   1.324941
p.global[9]     1.443053   2.506995
resid.prop[1]   1.088691   1.265250
resid.prop[2]   1.008030   1.031048

################################################################################
# Geweke Diagnostic
################################################################################

The Geweke diagnostic is a standard z-score, so we'd expect 5% to be outside +/-1.96
Number of variables outside +/-1.96 in each chain (out of 
60
):


       Chain 1 Chain 2 Chain 3
Geweke      26      27      28


And here are the Geweke diagnostics for all variables:

              chain1 chain2 chain3
deviance       7.789 -0.732 -2.054
ilr.fac1[2,1]  1.746 -0.180 -1.676
ilr.fac1[2,2]  0.398 -3.361 -0.759
ilr.fac1[2,3]  1.877 -1.780  1.096
ilr.fac1[2,4]  1.857 -0.821 -0.695
ilr.fac1[2,5]  0.136  4.442  0.991
ilr.fac1[2,6]  1.805  2.109  0.466
ilr.fac1[2,7]  0.605 -1.592 -0.016
ilr.fac1[2,8] -0.232 -1.519 -0.122
loglik[1]     -1.973  1.451  2.476
loglik[10]    -1.638  3.131  2.215
loglik[11]    -0.596 -2.156 -1.043
loglik[12]     1.786 -0.615 -3.948
loglik[13]    -1.819  0.689  1.393
loglik[14]    -3.641  1.984  2.789
loglik[2]     -2.698 -2.451  0.667
loglik[3]      1.045 -2.634 -1.497
loglik[4]     -4.055 -0.092  1.902
loglik[5]     -2.200  1.877  3.566
loglik[6]     -3.134  2.094  3.063
loglik[7]     -7.673  1.241 -0.359
loglik[8]     -4.582  1.054 -2.470
loglik[9]      1.393 -1.386 -3.285
p.fac1[1,1]    1.376 -4.247 -5.394
p.fac1[1,2]    2.502  3.231 -1.151
p.fac1[1,3]   -2.743 -2.311 -2.354
p.fac1[1,4]   -1.881 -1.135  0.112
p.fac1[1,5]    1.560 -1.616  3.379
p.fac1[1,6]   -1.411 10.254  5.612
p.fac1[1,7]   -3.061  5.570  3.546
p.fac1[1,8]   -2.620  0.326  3.583
p.fac1[1,9]   -0.389  3.194  0.197
p.fac1[2,1]    2.982 -4.690 -4.767
p.fac1[2,2]    4.128  1.903 -0.457
p.fac1[2,3]   -9.290 -2.270 -4.590
p.fac1[2,4]   -3.510 -1.392 -0.828
p.fac1[2,5]    2.357 -0.676  3.765
p.fac1[2,6]   -1.749  4.872  2.647
p.fac1[2,7]   -4.515  3.705  4.733
p.fac1[2,8]   -4.006  1.247  1.587
p.fac1[2,9]   -0.843  2.854 -0.255
p.global[1]    1.376 -4.247 -5.394
p.global[2]    2.502  3.231 -1.151
p.global[3]   -2.743 -2.311 -2.354
p.global[4]   -1.881 -1.135  0.112
p.global[5]    1.560 -1.616  3.379
p.global[6]   -1.411 10.254  5.612
p.global[7]   -3.061  5.570  3.546
p.global[8]   -2.620  0.326  3.583
p.global[9]   -0.389  3.194  0.197
resid.prop[1]  2.688 -3.546 -5.450
resid.prop[2]  2.087  0.505 -2.104
